# R script for Peak Model
#  -- generated by MACS
p <- c(0.02922187904515908,0.03434935741539008,0.03940562080825676,0.044200762617454266,0.04922141852163879,0.049648708385824705,0.04986235331791766,0.04977926917765929,0.04969618503740092,0.04999291410975225,0.05004039076132846,0.0499810449468582,0.0499810449468582,0.05009973657579873,0.049933568295281984,0.050301512344997634,0.05045581146262033,0.05061011058024302,0.05136973700546243,0.051393475331250535,0.051690204403601864,0.051951325987271035,0.05185637268411861,0.052319270036986686,0.052615999109338014,0.05203441012752941,0.05153590528597917,0.05104926960732299,0.050740671372077606,0.0510967462588992,0.05119169956205163,0.05080001718654787,0.05131039119099216,0.0508949704897003,0.050669456394713284,0.050918708815488406,0.051512166960191064,0.0518088960325424,0.05164272775202565,0.051500297797297014,0.05106113877021704,0.05120356872494568,0.05087123216391219,0.05131039119099216,0.051678335240707814,0.05217684008225805,0.0527465599011726,0.05284151320432503,0.053423102186133636,0.053446840511921744,0.05387413037610766,0.054170859448458994,0.05449132684659843,0.05468123345290328,0.05466936429000923,0.05461001847553896,0.0542183361000352,0.054194597774247094,0.05440824270634006,0.05452693433528059,0.054455719357916266,0.05428955107739952,0.05349431716349796,0.05311450395088825,0.05282964404143097,0.052307400874092636,0.052699083249596386,0.052794036552748815,0.052141232593575886,0.05174955021807213,0.05189198017280077,0.05244983082882127,0.0529245973445834,0.05277029822696071,0.05309076562510014,0.05338749469745148,0.05265160659802018,0.05271095241249044,0.05272282157538449,0.0529245973445834,0.05277029822696071,0.052248055059622364,0.05252104580618559,0.05294833567037151,0.05301955064773583,0.053601139629544436,0.05393347619057793,0.05376730791006118,0.053624877955332544,0.05350618632639201,0.05326880306851094,0.053280672231405,0.053423102186133636,0.05387413037610766,0.05390973786478982,0.05322132641693473,0.053233195579828786,0.05369609293269686,0.054075906145306565,0.05428955107739952,0.05387413037610766,0.054538803498174644,0.0547524484302676,0.05398095284215414,0.05405216781951846,0.05432515856608168,0.05461001847553896,0.05465749512711517,0.05532216824918215,0.055369644900758366,0.05643786956122316,0.056022448859931295,0.05588001890520266,0.05625983211781236,0.056568430353057746,0.05671086030778638,0.05642600039832911,0.05608179467440156,0.05585628057941455,0.05615300965176588,0.05577319643915618,0.05573758895047402,0.055108523317089195,0.055001700851042716,0.05485927089631408,0.05484740173342002,0.05550020569259295,0.05573758895047402,0.055571420669957274,0.05496609336236056,0.055357775737864316,0.055369644900758366,0.055832542253626445,0.05603431802282535,0.05603431802282535,0.05616487881465994,0.055749458113368074,0.05605805634861346,0.05571385062468591,0.05647347704990532,0.056485346212799374,0.05691263607698529,0.05718562682354852,0.057885907434297654,0.058063944877708454,0.05826572064690736,0.05838441227584789,0.05900160874633866,0.05954759023946511,0.05991553428918076,0.0600579642439094,0.060010487592333184,0.060010487592333184,0.05955945940235916,0.059606936053935376,0.05938142195894836,0.05976123517155807,0.0595001135878889,0.05957132856525321,0.059535721076571055,0.059832450148922384,0.06028347833889641,0.06065142238861206,0.060995628112539606,0.06103123560122176,0.0609718897867515,0.06088880564649313,0.060995628112539606,0.060995628112539606,0.06048525410809531,0.06010544089548561,0.05976123517155807,0.06003422591812129,0.060449646619413155,0.06086506732070502,0.06087693648359907,0.06084132899491691,0.060734506528870434,0.061007497275433656,0.06133983383646715,0.061185534718844456,0.06158908625724226,0.06107871225279798,0.06011731005837966,0.05977310433445212,0.06029534750179046,0.05991553428918076,0.059796842660240226,0.060081702569697505,0.060414039130731,0.06049712327098937,0.060010487592333184,0.06014104838416777,0.06065142238861206,0.061185534718844456,0.06119740388173851,0.06182646951512333,0.061945161144063864,0.061553478768560106,0.06150600211698389,0.061909553655381706,0.06186207700380549,0.06205198361011034,0.06234871268246167,0.06198076863274602,0.0620638527730044,0.062123198587474664,0.06225375937930925,0.06258609594034274,0.06275226422085949,0.06328637655109189,0.06408161046499344,0.06434273204866262,0.0642952553970864,0.06487684437889502,0.06505488182230582,0.06514983512545824,0.06507862014809392,0.06543469503491552,0.06581450824752522,0.06561273247832632,0.06548217168649173,0.06604002234251223,0.06602815317961817,0.06550591001227983,0.0653872183833393,0.0655652558267501,0.06633675141486356,0.06613497564566466,0.0661231064827706,0.0664791813695922,0.06634862057775762,0.06620619062302897,0.06653852718406247,0.06675217211615543,0.06643170471801599,0.06633675141486356,0.06620619062302897,0.06628927476328735,0.06589759238778359,0.06582637741041927,0.0655889941525382,0.06568394745569063,0.06549404084938579,0.06577890075884306,0.0663011439261814,0.06687086374509596,0.06684712541930785,0.06734563026085809,0.06725067695770566,0.06770170514767969,0.06856815403894558,0.06820020998922992,0.06828329412948829,0.06872245315656826,0.0692209579981185,0.06907852804338986,0.06897170557734338,0.06897170557734338,0.06983815446860926,0.06926843464969472,0.06938712627863525,0.06933964962705903,0.07005179940070223,0.06958890204783415,0.06963637869941036,0.069778808654139,0.07008740688938439,0.07049095842778219,0.07088264080328595,0.07153544476245888,0.07168974388008158,0.07260366942292368,0.07256806193424152,0.07306656677579175,0.07339890333682524,0.07318525840473228,0.07403983813310412,0.07344637998840145,0.07337516501103714,0.07345824915129551,0.07350572580287172,0.07335142668524902,0.07357694078023604,0.07390927734126954,0.07371937073496468,0.07422974473940896,0.07373123989785874,0.07424161390230302,0.07445525883439598,0.07427722139098518,0.0748588103727938,0.07515553944514512,0.07509619363067485,0.07516740860803918,0.07563030596090725,0.07553535265775482,0.07587955838168237,0.07618815661692775,0.07705460550819364,0.0778261010963071,0.07822965263470491,0.07906049403728864,0.07978451297382588,0.08049666274746908,0.08182600899160304,0.08279928034891541,0.08358264509992293,0.08461526227170556,0.08463900059749366,0.08499507548431526,0.08517311292772606,0.08520872041640822,0.08612264595925032,0.08646685168317786,0.08574283274664062,0.08611077679635626,0.08679918824421134,0.08647872084607192,0.08656180498633029,0.08747573052917239,0.0877012446241594,0.08844900188648475,0.0888406842619885,0.08879320761041229,0.08960031068720792,0.08964778733878413,0.08989703975955925,0.09035993711242732,0.09068040451056676,0.08988517059666519,0.09024124548348679,0.08968339482746629,0.08931545077775063,0.08980208645640682,0.08960031068720792,0.09085844195397756,0.09090591860555378,0.09069227367346082,0.09076348865082513,0.09125012432948132,0.0913806851213159,0.09183171331128992,0.09170115251945533,0.09168928335656129,0.09259133973650933,0.09219965736100558,0.09248451727046285,0.0932322745327882,0.09405124677247788,0.09476339654612108,0.09520255557320105,0.09565358376317507,0.09643694851418258,0.09657937846891122,0.09618769609340747,0.0964844251657588,0.09623517274498368,0.09665059344627554,0.09694732251862687,0.09712535996203767,0.0970185374959912,0.09745769652307117,0.09718470577650794,0.09802741634198571,0.09847844453195974,0.09830040708854894,0.09896508021061592,0.09853779034643001,0.09765947229227007,0.09718470577650794,0.0981579771338203,0.09800367801619761,0.09814610797092625,0.09797993969040951,0.0985140520206419,0.09847844453195974,0.09834788374012515,0.09910751016534457,0.10009265068555098,0.1007217163189358,0.10004517403397477,0.10022321147738557,0.10084040794787634,0.10129143613785035,0.10076919297051201,0.10135078195232063,0.10200358591149356,0.10155255772151953,0.10137452027810873,0.10136265111521468,0.10211040837754003,0.10221723084358651,0.1023715299612092,0.10279881982539511,