# R script for Peak Model
#  -- generated by MACS
p <- c(0.029695529975907922,0.03470466189026778,0.04013464300235049,0.04479477802103774,0.050111848372755785,0.05022475913312045,0.05044031603927118,0.05061481448710749,0.05021449451854185,0.05000920222696972,0.05025555297685627,0.049978408383233905,0.049506236112618014,0.04973205763334735,0.04941385458141056,0.04953702995635383,0.04983470377913341,0.049824439164554805,0.05009131914359857,0.050625079101686093,0.05058402064337167,0.05091248830988707,0.05094328215362289,0.05142571903881738,0.051836303621961635,0.05180550977822582,0.052000537455219334,0.052287946663420314,0.0519492143823263,0.05207238975726958,0.052133977444741214,0.05190815592401188,0.051754186705332786,0.051148574445195015,0.05086116523699404,0.050881694466151255,0.050471109883007,0.050296611435170696,0.05044031603927118,0.049947614539498086,0.050276082206013484,0.0507893129349438,0.05135386673676714,0.051867097465697454,0.05219556513221286,0.05267800201740735,0.052975675840186934,0.05283197123608644,0.05295514661102972,0.05304752814223718,0.0529140881527153,0.052688266631985954,0.05199027284064073,0.05190815592401188,0.05134360212218853,0.05107672214314477,0.050645608330843306,0.05102539907025174,0.051199897518088046,0.05134360212218853,0.05100486984109453,0.05122042674724526,0.051702863632439755,0.05152836518460345,0.0519492143823263,0.05237006358004916,0.05271906047572177,0.052390592809206375,0.05218530051763425,0.05250350356957104,0.0529140881527153,0.05264720817367153,0.052657472788250136,0.052657472788250136,0.052821706621507834,0.0529243527672939,0.0525958851007785,0.052688266631985954,0.05293461738187251,0.053078321985972995,0.053478641954538636,0.05362234655863912,0.05426901727709132,0.05418690036046247,0.05428954650624853,0.053878961923104284,0.05412531267299083,0.05451536802697787,0.054402457266613205,0.0542382234333555,0.05352996502743167,0.05363261117321773,0.05295514661102972,0.05309885121513021,0.052390592809206375,0.05232900512173474,0.05224688820510589,0.05208265437184818,0.0519492143823263,0.051836303621961635,0.052051860528112365,0.052133977444741214,0.052051860528112365,0.0522674174342631,0.053263085048387906,0.05378658039189683,0.05362234655863912,0.05323229120465209,0.0532528204338093,0.05330414350670233,0.05349917118369585,0.05383790346478986,0.05394054961057592,0.054012401912626164,0.053663405016953554,0.053417054267067,0.05383790346478986,0.05409451882925501,0.054248488047934106,0.054720660318549996,0.054967011068436544,0.05481304184975745,0.05499780491217236,0.05534680180784498,0.055736857161832014,0.055623946401467346,0.05595241406798275,0.05601400175545439,0.05580870946388226,0.05569579870351759,0.05614744174497627,0.05616797097413348,0.05692755245295034,0.05705072782789362,0.05683517092174289,0.056999404755000586,0.05700966936957919,0.05700966936957919,0.057635810858874176,0.05762554624429557,0.05679411246342846,0.05670173093222101,0.05645538018233445,0.0565374970989633,0.05677358323427125,0.056845435536321494,0.05695834629668616,0.05748184164019508,0.05726628473404435,0.057245755504887134,0.05746131241103787,0.057451047796459265,0.057163638588258285,0.0571841678174155,0.05667093708848519,0.05728681396320156,0.05727654934862295,0.057635810858874176,0.05761528162971696,0.05795401391081097,0.05836459849395522,0.05883677076457111,0.05928841380602978,0.05935000149350142,0.06003773067026804,0.05979137992038149,0.059647675316281006,0.05938079533723724,0.06011984758689689,0.06025328757641877,0.060499638326305324,0.060468844482569506,0.06047910909714811,0.06057149062835557,0.06074598907619187,0.060930752138606784,0.061372130565486856,0.06120789673222916,0.060982075211499814,0.061105250586443095,0.06106419212812867,0.061238690575964976,0.06133107210717243,0.06168006900284504,0.06106419212812867,0.061136044430178914,0.0611155152010217,0.06164927515910922,0.06122842596138637,0.06109498597186449,0.06047910909714811,0.060078789128582465,0.05990429068074616,0.059811909149538704,0.06035593372220484,0.06069466600329884,0.06088969368029236,0.060982075211499814,0.0614439828675371,0.06183403822152414,0.06278864737733451,0.0630760565855355,0.06354822885615138,0.06342505348120811,0.06310685042927132,0.06271679507528427,0.06256282585660518,0.06254229662744797,0.0630863212001141,0.06295288121059223,0.06274758891902009,0.06350717039783696,0.06335320117915787,0.06359955192904442,0.0643796626370185,0.06428728110581103,0.06448230878280456,0.06482104106389856,0.06482104106389856,0.06492368720968462,0.06503659797004929,0.0645541610848548,0.06497501028257766,0.06508792104294232,0.0648826287513702,0.0655498286989796,0.06568326868850148,0.0657037979176587,0.06532400717825027,0.06498527489715626,0.06527268410535723,0.0653855948657219,0.06539585948030051,0.06544718255319354,0.06546771178235075,0.0653753302511433,0.06550877024066518,0.06551903485524378,0.06605279481333132,0.06683290552130539,0.06662761322973326,0.06662761322973326,0.06691502243793424,0.06657629015684023,0.06646337939647556,0.06647364401105417,0.06662761322973326,0.0665147024693686,0.06630941017779647,0.06624782249032483,0.06665840707346908,0.06695608089624866,0.06645311478189696,0.06693555166709145,0.06738719470855013,0.06779777929169438,0.06786963159374462,0.06822889310399584,0.06796201312495208,0.06828021617688887,0.06797227773953068,0.06863947768714009,0.06903979765570574,0.06944011762427138,0.06953249915547884,0.07024075756140266,0.07036393293634595,0.07027155140513848,0.0712877482484205,0.07135960055047075,0.07229368047712392,0.07233473893543835,0.0724168558520672,0.07250923738327465,0.07277611736231841,0.07237579739375277,0.07332014193498455,0.07378204959102183,0.07353569884113528,0.07385390189307207,0.07363834498692134,0.07454163106983869,0.0748700987363541,0.07533200639239138,0.07584523712132168,0.0758657663504789,0.07560915098601374,0.0760402647983152,0.07672799397508183,0.0771693724019619,0.07824715693271556,0.07803160002656483,0.07838059692223744,0.07824715693271556,0.07842165538055186,0.07836006769308022,0.07852430152633792,0.07900673841153241,0.079304412234312,0.07959182144251298,0.07965340912998461,0.08002293525481444,0.08080304596278852,0.08137786437919046,0.08183977203522774,0.08304073194092468,0.08379004880516294,0.08402613494047088,0.08480624564844495,0.0850423317837529,0.08599694093956328,0.08614064554366377,0.08621249784571401,0.0868283747204304,0.0878343069491338,0.08823462691769945,0.08874785764662976,0.0893124114484531,0.08894288532362328,0.08923029453182425,0.08881970994868,0.08890182686530886,0.08874785764662976,0.0894663806671322,0.08937399913592474,0.08954849758376106,0.08975378987533318,0.08989749447943367,0.091088189770552,0.09076998671861519,0.09081104517692962,0.09101633746850175,0.09178618356189722,0.09103686669765897,0.09132427590585994,0.09212491584299122,0.09177591894731861,0.09185803586394746,0.09194015278057631,0.09353116804026028,0.09405466338376921,0.09458842334185673,0.09494768485210794,0.09599467553912579,0.09591255862249694,0.09529668174778055,0.09642578935142725,0.09705193084072224,0.09665161087215658,0.09572779556008203,0.09593308785165415,0.09616917398696209,0.09652843549721331,0.09647711242432028,0.0966721401013138,0.09687743239288592,0.09655922934094913,0.09615890937238349,0.096692669330471,0.09726748774687297,0.09743172158013066,0.09757542618423115,0.09784230616327491,0.0974933092676023,0.09791415846532515,0.09817077382979031,0.09827341997557637,0.09916644144391512,0.09978231831863149,0.0999465521518892,0.09997734599562502,0.10035713673503345,0.10031607827671903,0.1010961889846931,0.10104486591180006,0.10160941971362342,0.10218423813002536,0.10237926580701888,0.10194815199471742,0.10272826270269149,0.10337493342114369,0.10361101955645163,0.10439113026442572,0.10431927796237546,0.10478118561841275,0.10514044712866397,0.10525335788902863,0.10575632400338034,0.10630034857604648,0.1063414070343609,0.10644405318014696,0.10654669932593303,0.10659802239882606,0.10734733926306432,0.10772713000247275,0.1081479792001956,