# R script for Peak Model
#  -- generated by MACS
p <- c(0.030543191602570675,0.035616467495879024,0.040623856689274276,0.045744194511091976,0.05090218187571716,0.0510527800469471,0.050826882790102196,0.051024542889841484,0.050986893347034004,0.05084570756150594,0.05058216076185356,0.050648047461766654,0.05028096441939369,0.05019625294807686,0.05031861396220118,0.05115631628966768,0.051608110803357476,0.051542224103444376,0.05199401861713417,0.052078730088451014,0.05229521495959404,0.052116379631258494,0.05290702003021564,0.0533399897725017,0.053311752615396085,0.052558761759246425,0.052662298001967,0.05272818470188009,0.052577586530650165,0.05268112277337074,0.052699947544774486,0.05309526774425306,0.052831720944600674,0.05231403973099778,0.05218226633117159,0.05256817414494829,0.05258699891635203,0.05268112277337074,0.05308585535855118,0.052991731501532476,0.052812896173196934,0.0532741030725886,0.053509412715135374,0.053904732914613944,0.05443182651391871,0.054638898999359864,0.05459183707085051,0.054638898999359864,0.054422414128216835,0.054525950370937416,0.05494009534181973,0.054422414128216835,0.05415886732856445,0.054422414128216835,0.05420592925707381,0.05382943382899898,0.05330234022969421,0.053330577386799825,0.05326469068688673,0.05330234022969421,0.05339646408671292,0.053565887029346594,0.05364118611496156,0.05342470124381853,0.053170566829868024,0.053452938400924147,0.0536600108863653,0.05351882510083724,0.05378237190048962,0.05361294895785595,0.05359412418645221,0.053452938400924147,0.053528237486539114,0.053669423272067175,0.05410239301435323,0.05414004255716071,0.05401768154303639,0.05410239301435323,0.054243578799881294,0.0547236104706767,0.05468596092786922,0.05486479625620476,0.055260116455683336,0.054996569656030954,0.054525950370937416,0.05466713615646548,0.05506245635594405,0.0549495077275216,0.055034219198838434,0.05500598204173283,0.054780084784887925,0.05484597148480102,0.05434711504260187,0.05462948661365799,0.054676548542167344,0.05462948661365799,0.05457301229944677,0.054601249456552384,0.05398003200022891,0.05432829027119813,0.05470478569927296,0.05447888844242806,0.05489303341331037,0.054977744884627214,0.05555190041244133,0.05523187929857772,0.055297765998490817,0.05543895178401888,0.055768385283584354,0.05514716782726089,0.054996569656030954,0.05504363158454031,0.055241291684279596,0.055260116455683336,0.055335415541298304,0.05568367381226752,0.05615429309736106,0.05614488071165919,0.05628606649718725,0.056427252282715314,0.0568508096392995,0.05718965552456685,0.057142593596057493,0.056963758267721945,0.05703905735333691,0.057443789938517356,0.05726495461018181,0.05738731562430613,0.05747202709562297,0.05765086242395851,0.057199067910268714,0.05702964496763504,0.056926108724914465,0.05702023258193317,0.056944933496318205,0.056464901825522794,0.0567190362394733,0.05695434588202007,0.057217892681672454,0.057697924352467865,0.057952058766418374,0.05840385328010817,0.058497977137126886,0.05885564779379797,0.05888388495090358,0.05896859642222042,0.05881799825099049,0.058912122108009196,0.05881799825099049,0.05872387439397178,0.05896859642222042,0.058987421193624164,0.0588462354080961,0.05870504962256804,0.05858268860844372,0.05908154505064287,0.05899683357932604,0.05890270972230732,0.059166256521959705,0.059269792764680286,0.059250967993276546,0.059128606979152225,0.059627463421351376,0.059900422606705625,0.05985336067819627,0.0597498244354757,0.05949569002152519,0.059523927178630795,0.05953333956433267,0.059232143221872806,0.05969335012126447,0.06007925793504117,0.06016396940635801,0.059881597835301885,0.06004160839223369,0.06027691803478046,0.06080401163408522,0.06070988777706651,0.060747537319874,0.061293455690582505,0.06124639376207315,0.06132169284768812,0.06101108411952638,0.061312280461986245,0.061632301575849854,0.06149111579032179,0.06228175618927893,0.06265825161735376,0.0625829525317388,0.06191467314690598,0.0613593423904956,0.0610675584337376,0.0615193529474274,0.06176407497567604,0.06186761121839662,0.061924085532607843,0.061349930004793725,0.06153817771883115,0.06187702360409849,0.06243235436050887,0.06295944795981363,0.0631288709024473,0.06318534521665853,0.06316652044525478,0.06323240714516788,0.0631947576023604,0.06317593283095665,0.06291238603130428,0.06316652044525478,0.06309122135963982,0.06316652044525478,0.06347712917341652,0.06391009891570258,0.06423012002956618,0.06429600672947929,0.06452190398632418,0.06463485261474664,0.06517135859975326,0.06543490539940565,0.06582081321318235,0.06563256549914494,0.06575492651326925,0.06542549301370378,0.06511488428554203,0.0650960595141383,0.06529371961387759,0.06583963798458609,0.06584905037028796,0.0653878434708963,0.06521842052826261,0.06613142194134408,0.06598082377011415,0.06619730864125718,0.06649850498371704,0.06684676325468626,0.06710089766863678,0.06696912426881058,0.06710089766863678,0.06742091878250038,0.06783506375338269,0.06765622842504715,0.06800448669601637,0.06839039450979308,0.06850334313821552,0.06807037339592946,0.06816449725294817,0.06811743532443881,0.0679950743103145,0.06774093989636398,0.06824920872426501,0.0682209715671594,0.06830568303847623,0.06839039450979308,0.0687010032379548,0.0692186844515577,0.0687010032379548,0.06917162252304834,0.06944458170840259,0.0695387055654213,0.06908691105173151,0.06929398353717267,0.06935045785138388,0.06940693216559511,0.06919985968015396,0.06951046840831569,0.070508181292714,0.07055524322122335,0.07083761479227947,0.07154354371991978,0.07180709051957217,0.07198592584790771,0.07209887447633015,0.072183585947647,0.07242830797589564,0.07276715386116298,0.07286127771818168,0.07323777314625653,0.07369898004564819,0.0738872277596856,0.07474375485855585,0.07498847688680449,0.0754026218576868,0.07573205535725228,0.07644739667059446,0.07649445859910381,0.07634386042787387,0.07606148885681775,0.07616502509953833,0.076334448042172,0.07593912784269344,0.07621208702804769,0.07658858245612252,0.07668270631314122,0.07664505677033374,0.07690860356998612,0.07704037696981231,0.07750158386920399,0.07773689351175075,0.07808515178271996,0.07886637979597524,0.07928993715255943,0.07986409268037355,0.08005234039441096,0.08078650647915689,0.08159597164951778,0.08273487031944414,0.08339373731857509,0.08382670706086115,0.0846455846169239,0.0850973791306137,0.0856432975013222,0.08587860714386897,0.08671630947133548,0.0872245782992365,0.08771402235573378,0.08761989849871507,0.08803404346959738,0.08864584854021898,0.08825052834074042,0.08875879716864143,0.08905058112539943,0.08954943756759857,0.08970944812453038,0.08997299492418276,0.08948355086768549,0.08949296325338735,0.08954943756759857,0.08984122152435657,0.09084834679445675,0.09039655228076694,0.09051891329489127,0.09002946923839399,0.09041537705217069,0.0901235930954127,0.0905753876091025,0.09156368810779893,0.09160133765060641,0.0918931216073644,0.09207195693569994,0.09297554596307954,0.09319203083422258,0.09402973316168907,0.09430269234704332,0.09462271346090692,0.09487684787485744,0.09466036300371442,0.09548865294547904,0.09514980706021169,0.09496155934617427,0.09460388868950319,0.09458506391809944,0.0945003524467826,0.09466036300371442,0.0952439309172304,0.09550747771688278,0.09583691121644826,0.09562042634530522,0.09645812867277173,0.09644871628706986,0.0966275516154054,0.09652401537268482,0.09680638694374094,0.0964016543585605,0.09593103507346697,0.09597809700197632,0.09618516948741748,0.0967216754724241,0.09650519060128109,0.09695698511497088,0.0973993672429588,0.09787939891375422,0.0982088324133197,0.09908418428359368,0.10008189716799198,0.10015719625360694,0.10031720681053875,0.10033603158194249,0.100881949952651,0.10127727015212956,0.10180436375143433,0.10264206607890083,0.10301856150697566,0.10354565510628043,0.10330093307803179,0.10453395560497686,0.10521164737551156,0.10602111254587245,0.10588933914604624,0.1060681744743818,0.10610582401718928,0.10597405061736308,0.10587992676034437,0.10569167904630695,0.10668939193070526,0.10663291761649404,