# R script for Peak Model
#  -- generated by MACS
p <- c(0.031102584558732854,0.03646865754165956,0.041845049895707274,0.04724208099199702,0.052566876490439673,0.05217474038784118,0.0526700702016498,0.05207154667663105,0.05272166705725486,0.052577195861560684,0.05274230579949689,0.05248432152147157,0.05247400215035056,0.05262879271716575,0.05270102831501284,0.05325827435554754,0.05313444190209538,0.05376392354047717,0.053330509953394625,0.05324795498442652,0.0534749811490888,0.053619452344782985,0.05367104920038805,0.053330509953394625,0.052824860768464994,0.05274230579949689,0.052845499510707016,0.05241208592362448,0.05237080843914042,0.05265975083052878,0.05244304403698752,0.05238112781026144,0.05249464089259258,0.052577195861560684,0.05277326391285993,0.052329530954656374,0.05263911208828676,0.05271134768613385,0.0526700702016498,0.05222633724344625,0.05213346290335713,0.05220569850120422,0.0521128241611151,0.05207154667663105,0.05260815397492372,0.053578174860298936,0.05343370366460475,0.05359881360254096,0.05384647850944527,0.05425925335428578,0.05453787637455313,0.054682347570247314,0.054641070085763264,0.05470298631248934,0.05417669838531768,0.053650410458146024,0.053650410458146024,0.05373296542711413,0.05380520102496122,0.05434180832325389,0.05422829524092274,0.05421797586980173,0.053836159138324256,0.05392903347841337,0.05420765649868072,0.05425925335428578,0.0545894732301582,0.05448627951894807,0.05446564077670604,0.053609132973661974,0.05370200731375109,0.054114782158591605,0.05455851511679516,0.054414043921100975,0.054393405178858954,0.05459979260127921,0.05407350467410755,0.05455851511679516,0.054641070085763264,0.05528087109526606,0.05524991298190302,0.05497128996163567,0.054620431343521236,0.05526023235302403,0.055466619775444294,0.055445981033202266,0.05606514330046304,0.055703965311227586,0.05564204908450151,0.05530150983750809,0.05516735801293492,0.05541502291983923,0.0557968396513167,0.055425342290960244,0.05549757788880733,0.055187996755176945,0.05483713813706251,0.05550789725992834,0.05567300719786455,0.0556317297133805,0.05548725851768632,0.055229274239660994,0.055930991475889875,0.05587939462028481,0.055765881537953664,0.05608578204270507,0.05634376632073039,0.05590003336252684,0.056261211351762284,0.056467598774182545,0.05712803852592737,0.05711771915480635,0.05639536317633545,0.05680813802117597,0.057272509721621546,0.05717963538153243,0.057086761041443314,0.056797818650054954,0.05657079248539267,0.05669462493884483,0.05619929512503621,0.05658111185651368,0.0565914312276347,0.056250891980641274,0.05580715902243772,0.055972268960373925,0.05613737889831013,0.056488237516424566,0.056477918145303556,0.056250891980641274,0.05665334745436078,0.056271530722883295,0.05668430556772382,0.05690101236126509,0.05680813802117597,0.05698356733023319,0.05715899663929041,0.05740666154619472,0.05713835789704838,0.05761304896861497,0.0577162426798251,0.05817029500914967,0.05786071387551928,0.0581909337513917,0.05847987614278006,0.058356043689327904,0.05834572431820689,0.058067101297939544,0.05823221123587575,0.05855211174062715,0.0581909337513917,0.058325085575964865,0.058407640544932964,0.05821157249363372,0.05824253060699676,0.05810837878242359,0.05813933689578663,0.05873786042080538,0.059119677152282855,0.05898552532770969,0.05956341011048641,0.05975947816178566,0.0602754467178363,0.060388959800167445,0.06060566659370871,0.06108035766527531,0.06105971892303328,0.06116291263424341,0.061173232005364425,0.060956525211823154,0.06084301212949201,0.060698540933797826,0.06084301212949201,0.0615550487368419,0.0618749492415933,0.06183367175710925,0.06209165603513457,0.06169951993253608,0.06161696496356798,0.06180271364374621,0.061720158674778106,0.06180271364374621,0.06128674508769556,0.06054375036698263,0.06033736294456238,0.060430237284651495,0.060161933635505156,0.06007937866653706,0.06050247288249858,0.06080173464500796,0.06104939955191227,0.06098748332518619,0.06134866131442164,0.06177175553038317,0.06209165603513457,0.06248379213773306,0.06263858270454825,0.06294816383817864,0.06272113767351635,0.0625973052200642,0.06250443087997508,0.06215357226186065,0.06214325289073963,0.06260762459118521,0.062329001570917864,0.06207101729289254,0.06260762459118521,0.06292752509593662,0.06310295440499383,0.0629172057248156,0.06327838371405105,0.06377371352785967,0.06392850409467486,0.06390786535243284,0.06399042032140094,0.06396978157915892,0.06358796484768144,0.06341253553862422,0.06367051981664955,0.0645889438464197,0.06464054070202475,0.06531129982489059,0.06532161919601161,0.06484692812444501,0.06517714800031742,0.06577567152533617,0.06618844637017669,0.06638451442147593,0.06647738876156505,0.06641547253483897,0.06652898561717012,0.06610589140120858,0.06629164008138681,0.06669409555510632,0.0665186662460491,0.06634323693699189,0.06658058247277518,0.0669211217197686,0.06671473429734834,0.0665909018438962,0.06647738876156505,0.0666012212150172,0.06690048297752657,0.06678696989519543,0.06731325782236709,0.06749900650254533,0.06808721065644306,0.06803561380083799,0.06825232059437926,0.06782922637841773,0.06818008499653218,0.06848966613016257,0.06826263996550028,0.0685206242435256,0.06862381795473572,0.0686857341814618,0.06824200122325826,0.06869605355258282,0.06892307971724511,0.06945968701553777,0.06978990689141018,0.0698724618603783,0.0706051372099702,0.0708321633746325,0.07059481783884919,0.0709250377147216,0.07146164501301427,0.07127589633283604,0.07161643557982947,0.0723594303005424,0.07225623658933227,0.07264837269193075,0.07260709520744671,0.07288571822771406,0.07361839357730597,0.0737215872885161,0.07339136741264368,0.07384541974196825,0.07366999043291103,0.07376286477300015,0.0743613882980189,0.07433043018465586,0.0750011893075217,0.07490831496743258,0.07479480188510144,0.07513534113209487,0.07563067094590348,0.07582673899720273,0.07622919447092223,0.07576482277047665,0.07587833585280779,0.07663164994464174,0.07621887509980121,0.07689995359378807,0.07752943523216986,0.07777710013907417,0.07775646139683214,0.07791125196364733,0.07873680165332836,0.07952107385852535,0.08018151361027016,0.08019183298139118,0.08097610518658815,0.08101738267107221,0.08199772292756843,0.08297806318406466,0.08380361287374569,0.08431958142979634,0.08475299501687888,0.08547535099534978,0.08545471225310776,0.0858881258401903,0.08624930382942575,0.08662080118978221,0.08675495301435537,0.08610483263373157,0.08673431427211335,0.08698197917901766,0.08723996345704299,0.08704389540574374,0.0875701833329154,0.0878900838376668,0.08807583251784504,0.08851956547604858,0.08818934560017617,0.08882914660967897,0.08897361780537315,0.08988172246402229,0.08981980623729621,0.09049056536016205,0.09015002611316862,0.09022226171101572,0.09034609416446787,0.09020162296877368,0.09040801039119395,0.09105813077181775,0.09067631404034028,0.09075886900930838,0.09119228259639092,0.09101685328733371,0.09149154435890029,0.09164633492571549,0.09194559668822487,0.09267827203781678,0.09294657568696311,0.09272986889342184,0.09337998927404566,0.09359669606758693,0.0942158583348477,0.09439128764390492,0.09454607821072011,0.09433969078829986,0.09448416198399404,0.09443256512838898,0.0940507483969115,0.09418490022148467,0.0938959578300963,0.09379276411888618,0.0933387117895616,0.09399915154130643,0.09409202588139555,0.09387531908785428,0.09394755468570136,0.09441192638614694,0.09565025092066849,0.09568120903403153,0.09582568022972571,0.09576376400299963,0.09587727708533078,0.09530971167367507,0.09521683733358595,0.09633132941465535,0.09727039218666751,0.09727039218666751,0.0969401723107951,0.09740454401124068,0.09849839735006805,0.09836424552549489,0.0991794758440549,0.09972640251346858,0.10053131346090759,0.10033524540960835,0.09987087370916277,0.10055195220314962,0.10075833962556988,0.10083057522341697,0.10040748100745543,0.1012639888104995,0.10106792075920026,0.10078929773893291,0.10092344956350609,0.10223400969587472,0.10268806202519928,0.1022959259226008,0.10309051749891879,0.10386447033299476,